************************************************
Generating Lottos for all players.....

Player # 0   11    17    16    12    16    14    14    20    13    18    19    17    10    12    16    
Player # 1   13    18    14    19    13    16    15    15    13    11    18    16    20    12    11    
Player # 2   20    10    16    10    14    20    11    17    11    13    14    14    18    14    14    
Player # 3   14    11    15    12    14    11    20    10    16    16    15    16    10    15    17    
Player # 4   18    10    14    15    19    17    12    18    14    14    14    16    12    15    18    

-----------------------------------------------
Game is starting
Round# 	Lotto	P#0	P#1	P#2	P#3	P#4
0	15	0	1	0	1	1	
1	14	1	2	1	2	2	
2	15	1	3	1	3	3	
3	11	2	4	2	4	3	
4	14	3	4	3	5	4	
5	11	3	5	4	6	4	
6	18	4	6	5	6	5	
7	18	4	7	5	6	6	
8	11	4	7	5	6	6	
9	14	4	7	6	6	7	
10	12	5	8	6	7	8	
11	15	5	8	6	8	8	
12	19	6	9	6	8	9	
13	15	6	9	6	8	9	
14	19	6	9	6	8	9	
15	11	6	9	6	8	9	
16	15	6	9	6	8	9	
17	13	7	10	7	8	9	
18	13	7	11	7	8	9	
19	16	8	12	8	9	10	
20	13	8	13	8	9	10	
21	15	8	13	8	9	10	
22	18	8	13	8	9	11	
23	15	8	13	8	9	11	
24	12	9	13	8	9	12	
25	12	9	13	8	9	12	
26	16	10	14	8	10	12	
27	20	11	15	
-------------------------------------------------
	RESULT: 	Winner is: Player 1
