************************************************
Generating Lottos for all players.....

Player # 0   18    11    21    11    10    10    22    30    27    10    25    29    20    15    24    
Player # 1   17    15    21    19    21    10    29    24    26    27    12    21    25    25    17    
Player # 2   12    17    15    14    24    29    28    28    18    15    23    10    22    17    30    
Player # 3   25    19    22    27    22    17    19    26    12    30    29    16    29    23    17    
Player # 4   10    18    10    25    29    15    26    29    21    27    16    29    25    11    15    

-----------------------------------------------
Game is starting
Round# 	Lotto	P#0	P#1	P#2	P#3	P#4
0	16	0	0	0	1	1	
1	30	1	0	1	2	1	
2	27	2	1	1	3	2	
3	14	2	1	2	3	2	
4	12	2	2	3	4	2	
5	20	3	2	3	4	2	
6	25	4	3	3	5	3	
7	17	4	4	4	6	3	
8	23	4	4	5	7	3	
9	24	5	5	6	7	3	
10	30	5	5	6	7	3	
11	27	5	5	6	7	3	
12	15	6	6	7	7	4	
13	14	6	6	7	7	4	
14	20	6	6	7	7	4	
15	19	6	7	7	8	4	
16	15	6	7	8	8	5	
17	14	6	7	8	8	5	
18	16	6	7	8	8	5	
19	21	7	8	8	8	6	
20	23	7	8	8	8	6	
21	10	8	9	9	8	7	
22	15	8	9	9	8	7	
23	14	8	9	9	8	7	
24	17	8	10	10	9	7	
25	11	9	10	10	9	8	
26	17	9	10	10	9	8	
27	11	10	10	10	9	8	
28	11	10	10	10	9	8	
29	19	10	10	10	10	8	
-------------------------------------------------
	RESULT: 	This game is a draw
************************************************
Generating Lottos for all players.....

Player # 0   18    14    15    14    18    16    18    13    20    16    20    18    20    14    18    
Player # 1   10    20    16    12    18    16    17    20    17    18    18    15    15    17    12    
Player # 2   16    20    13    15    14    15    14    20    12    20    20    18    15    15    20    
Player # 3   10    10    17    13    17    13    12    16    12    15    19    14    18    14    10    
Player # 4   19    18    19    16    12    14    13    12    13    11    15    17    14    12    16    

-----------------------------------------------
Game is starting
Round# 	Lotto	P#0	P#1	P#2	P#3	P#4
0	13	1	0	1	1	1	
1	15	2	1	2	2	2	
2	13	2	1	2	3	3	
3	15	2	2	3	3	3	
4	11	2	2	3	3	4	
5	10	2	3	3	4	4	
6	12	2	4	4	5	5	
7	11	2	4	4	5	5	
8	11	2	4	4	5	5	
9	15	2	4	5	5	5	
10	19	2	4	5	6	6	
11	20	3	5	6	6	6	
12	14	4	5	7	7	7	
13	10	4	5	7	8	7	
14	17	4	6	7	9	8	
15	20	5	7	8	9	8	
16	14	6	7	9	10	9	
17	19	6	7	9	10	10	
18	20	7	7	10	10	10	
19	12	7	8	10	11	11	
20	18	8	9	11	12	12	
21	11	8	9	11	12	12	
22	19	8	9	11	12	12	
23	15	8	9	12	12	12	
24	19	8	9	12	12	12	
25	13	8	9	12	12	12	
26	10	8	9	12	13	12	
27	17	8	10	12	14	12	
28	16	9	11	13	15	
-------------------------------------------------
	RESULT: 	Winner is: Player 3
